0 0.098499 0.500184 0.156668 0.927805
1 0.020166 0.036281 0.036130 0.064401
2 0.176833 0.072826 0.036130 0.064401
3 0.175762 0.924627 0.036130 0.064401
4 0.039398 0.964086 0.036130 0.064401
0 0.308722 0.499833 0.215196 0.855839
1 0.201124 0.071914 0.036130 0.064401
2 0.416320 0.127034 0.036130 0.064401
3 0.397125 0.889750 0.036130 0.064401
4 0.211440 0.927753 0.036130 0.064401
0 0.592155 0.500074 0.303368 0.704027
1 0.440471 0.148060 0.036130 0.064401
2 0.743839 0.191365 0.036130 0.064401
3 0.725115 0.808840 0.036130 0.064401
4 0.447688 0.852087 0.036130 0.064401
0 0.873981 0.499804 0.212033 0.605332
1 0.767965 0.197138 0.036130 0.064401
2 0.979998 0.234252 0.036130 0.064401
3 0.965201 0.773162 0.036130 0.064401
4 0.777934 0.802470 0.036130 0.064401
