0 0.154760 0.500024 0.274588 0.819925
1 0.017466 0.115965 0.031147 0.074288
2 0.257057 0.090062 0.031147 0.074288
3 0.292054 0.834276 0.031147 0.074288
4 0.031578 0.909986 0.031147 0.074288
0 0.431616 0.499986 0.237518 0.862953
1 0.321691 0.068510 0.031147 0.074288
2 0.537092 0.105348 0.031147 0.074288
3 0.550375 0.910357 0.031147 0.074288
4 0.312857 0.931463 0.031147 0.074288
0 0.666630 0.499669 0.190681 0.916932
1 0.602246 0.041203 0.031147 0.074288
2 0.761971 0.082203 0.031147 0.074288
3 0.748292 0.956721 0.031147 0.074288
4 0.571290 0.958135 0.031147 0.074288
0 0.882734 0.499403 0.199807 0.717640
1 0.797688 0.140583 0.031147 0.074288
2 0.974388 0.155963 0.031147 0.074288
3 0.982638 0.856208 0.031147 0.074288
4 0.782831 0.858223 0.031147 0.074288
