0 0.130880 0.500079 0.227390 0.725937
1 0.017185 0.137110 0.030933 0.073892
2 0.244575 0.147599 0.030933 0.073892
3 0.242389 0.863047 0.030933 0.073892
4 0.035479 0.857691 0.030933 0.073892
0 0.353043 0.499952 0.175755 0.917801
1 0.265166 0.041051 0.030933 0.073892
2 0.440921 0.056818 0.030933 0.073892
3 0.431425 0.951811 0.030933 0.073892
4 0.265884 0.958852 0.030933 0.073892
0 0.581629 0.499937 0.240005 0.874242
1 0.461627 0.130755 0.030933 0.073892
2 0.673512 0.062817 0.030933 0.073892
3 0.701632 0.898001 0.030933 0.073892
4 0.499921 0.937058 0.030933 0.073892
0 0.852566 0.500070 0.260390 0.805947
1 0.722371 0.097096 0.030933 0.073892
2 0.982761 0.125719 0.030933 0.073892
3 0.966436 0.903044 0.030933 0.073892
4 0.727004 0.892442 0.030933 0.073892
