0 0.141569 0.500207 0.243182 0.818528
1 0.065669 0.090943 0.035957 0.063875
2 0.263160 0.161981 0.035957 0.063875
3 0.210392 0.909472 0.035957 0.063875
4 0.019978 0.882756 0.035957 0.063875
0 0.366570 0.499971 0.158629 0.928970
1 0.287255 0.035486 0.035957 0.063875
2 0.445885 0.072158 0.035957 0.063875
3 0.440670 0.935557 0.035957 0.063875
4 0.296647 0.964456 0.035957 0.063875
0 0.606748 0.500098 0.273208 0.637211
1 0.470144 0.181493 0.035957 0.063875
2 0.743352 0.203794 0.035957 0.063875
3 0.720653 0.818704 0.035957 0.063875
4 0.471194 0.814413 0.035957 0.063875
0 0.873621 0.499928 0.212487 0.606638
1 0.767378 0.196610 0.035957 0.063875
2 0.979865 0.227864 0.035957 0.063875
3 0.962417 0.777303 0.035957 0.063875
4 0.771017 0.803247 0.035957 0.063875
