0 0.112223 0.500039 0.188707 0.648090
1 0.021126 0.223189 0.031707 0.067873
2 0.180919 0.175993 0.031707 0.067873
3 0.206576 0.824084 0.031707 0.067873
4 0.017870 0.802443 0.031707 0.067873
0 0.354868 0.499868 0.253982 0.735227
1 0.234164 0.182256 0.031707 0.067873
2 0.453882 0.132255 0.031707 0.067873
3 0.481859 0.867482 0.031707 0.067873
4 0.227877 0.844531 0.031707 0.067873
0 0.596870 0.499746 0.187370 0.924413
1 0.504124 0.092404 0.031707 0.067873
2 0.669727 0.037539 0.031707 0.067873
3 0.690555 0.961952 0.031707 0.067873
4 0.503185 0.914984 0.031707 0.067873
0 0.847057 0.499989 0.270827 0.745077
1 0.731633 0.157740 0.031707 0.067873
2 0.971910 0.127451 0.031707 0.067873
3 0.982470 0.872528 0.031707 0.067873
4 0.711643 0.815668 0.031707 0.067873
