0 0.144446 0.499913 0.251581 0.774406
1 0.018656 0.163205 0.033370 0.066201
2 0.252021 0.112710 0.033370 0.066201
3 0.270237 0.845258 0.033370 0.066201
4 0.067889 0.887116 0.033370 0.066201
0 0.379773 0.500182 0.174521 0.926306
1 0.321107 0.037029 0.033370 0.066201
2 0.467034 0.051608 0.033370 0.066201
3 0.425028 0.963335 0.033370 0.066201
4 0.292513 0.939105 0.033370 0.066201
0 0.626615 0.499999 0.274705 0.716135
1 0.489263 0.183004 0.033370 0.066201
2 0.753011 0.141932 0.033370 0.066201
3 0.763968 0.809605 0.033370 0.066201
4 0.531794 0.858066 0.033370 0.066201
0 0.883788 0.499838 0.194924 0.802270
1 0.786326 0.109880 0.033370 0.066201
2 0.981249 0.098703 0.033370 0.066201
3 0.981181 0.900973 0.033370 0.066201
4 0.811698 0.896484 0.033370 0.066201
