0 0.147240 0.500193 0.256378 0.684786
1 0.019051 0.157800 0.034292 0.064702
2 0.275430 0.184930 0.034292 0.064702
3 0.270836 0.831015 0.034292 0.064702
4 0.021762 0.842586 0.034292 0.064702
0 0.411513 0.500096 0.226465 0.653669
1 0.318201 0.173262 0.034292 0.064702
2 0.524745 0.194663 0.034292 0.064702
3 0.503433 0.826930 0.034292 0.064702
4 0.298280 0.818526 0.034292 0.064702
0 0.670130 0.500014 0.244987 0.755039
1 0.547637 0.138925 0.034292 0.064702
2 0.776802 0.122495 0.034292 0.064702
3 0.792624 0.818704 0.034292 0.064702
4 0.576315 0.877534 0.034292 0.064702
0 0.898221 0.500258 0.165108 0.927654
1 0.815667 0.036432 0.034292 0.064702
2 0.971688 0.043133 0.034292 0.064702
3 0.980775 0.926981 0.034292 0.064702
4 0.845673 0.964085 0.034292 0.064702
