0 0.144707 0.500040 0.256382 0.754801
1 0.016516 0.129449 0.029836 0.070230
2 0.246264 0.122640 0.029836 0.070230
3 0.272898 0.838160 0.029836 0.070230
4 0.034640 0.877441 0.029836 0.070230
0 0.393349 0.499852 0.201307 0.921584
1 0.334569 0.039060 0.029836 0.070230
2 0.494003 0.088563 0.029836 0.070230
3 0.467827 0.960644 0.029836 0.070230
4 0.292696 0.953553 0.029836 0.070230
0 0.638147 0.499951 0.248080 0.782933
1 0.514107 0.145221 0.029836 0.070230
2 0.717243 0.108484 0.029836 0.070230
3 0.762188 0.804070 0.029836 0.070230
4 0.531016 0.891417 0.029836 0.070230
0 0.882856 0.499821 0.201114 0.826504
1 0.785217 0.086569 0.029836 0.070230
2 0.969405 0.125913 0.029836 0.070230
3 0.983413 0.886542 0.029836 0.070230
4 0.782299 0.913073 0.029836 0.070230
